$ 1 2.0000000000000002e-7 89.03963197220334 44 5 50 5e-11
v 576 400 576 256 0 1 100 0.1 0 0 0.5
v 704 400 704 256 0 1 10000 0.2 0 0 0.5
r 576 256 576 160 0 47000
r 704 256 704 160 0 47000
w 576 160 704 160 0
w 576 400 704 400 0
w 704 160 784 160 0
d 784 160 912 160 2 1N34
w 912 160 912 224 0
w 912 400 912 336 0
w 912 336 864 336 0
w 912 336 960 336 0
w 912 224 864 224 0
w 912 224 960 224 0
w 912 160 1072 160 0
w 912 400 1072 400 0
c 960 224 960 336 0 2e-9 -0.000381015703319203 0.001
l 864 224 864 336 0 0.125 -2.120877838802291e-8 0
p 1072 160 1072 400 1 0 0
p 784 160 784 400 1 0 0
g 912 400 912 432 0 0
w 784 400 704 400 0
w 784 400 912 400 0
o 19 64 0 4098 0.15625 0.1 0 1
o 18 64 0 4098 0.00244140625 0.1 1 1
