$ 1 0.000005 8.281975887399955 50 5 43 5e-11
f 64 144 112 144 32 1.5 0.02
w 112 128 112 80 0
w 112 160 112 208 0
w 112 208 80 208 0
g 80 208 80 224 0 0
w 112 208 144 208 0
c 144 208 192 208 0 0.00001 -5 0.001
w 192 208 224 208 0
T 224 80 288 208 0 0.1 4 -0.0000317272069204344 -1.400247105765029e-15 0.999
R 64 144 32 144 0 2 40 5 0 0 0.5
R 192 208 192 256 0 0 40 5 0 0 0.5
p 320 80 320 208 1 0 0
w 288 80 320 80 0
w 288 208 320 208 0
d 224 80 112 80 2 default
o 0 64 0 4098 5120 0.05 0 2 0 3
o 11 64 0 4098 20480 0.1 1 1
