$ 1 0.000005 58.6985430941709 50 5 43 5e-11
g -192 112 -192 144 0 0
c -192 112 -192 80 0 1e-11 -10 0.001
w -192 80 -128 80 0
c -128 240 -192 240 0 1e-11 0.5482709881943713 0.001
w -128 240 -64 240 0
t -64 240 -16 240 0 1 -7.389444872720318 0.6134543643415761 200 default
c -16 224 64 224 0 1e-11 0.0009999992256872758 0.001
r -16 224 -16 80 0 1000
w -128 80 -16 80 0
R -16 80 96 80 0 0 40 10 0 0 0.5
w -192 352 -16 352 0
w -16 352 -16 256 0
g 64 352 80 352 0 0
v -192 240 -192 352 0 1 40 0.1 0 0 0.5
w -16 352 64 352 0
r -128 240 -128 80 0 940000
o 13 64 0 4098 0.3125 0.00009765625 0 2 13 3
o 5 64 1 4099 10 0.00009765625 1 1
o 5 64 2 4099 10 0.00625 1 1
38 15 0 47000 1000000 R1
