$ 1 0.000005 10.20027730826997 50 5 43 5e-11
R 224 80 272 80 0 0 40 5.6 0 0 0.5
R 176 96 128 96 0 0 40 1.4 0 0 0.5
R 224 112 272 112 0 0 40 1.4 0 0 0.5
t 176 96 224 96 0 1 0 0 100 default
t 176 208 224 208 0 1 0 0 100 default
R 224 224 272 224 0 0 40 -1.4 0 0 0.5
R 176 208 128 208 0 0 40 -2 0 0 0.5
R 224 192 272 192 0 0 40 5.6 0 0 0.5
R 448 80 496 80 0 0 40 5.6 0 0 0.5
R 400 96 352 96 0 0 40 1.4 0 0 0.5
R 448 112 496 112 0 0 40 2.6 0 0 0.5
t 400 96 448 96 0 1 0 0 100 default
R 448 192 496 192 0 0 40 5.6 0 0 0.5
R 400 208 352 208 0 0 40 2 0 0 0.5
R 448 224 496 224 0 0 40 1.4 0 0 0.5
t 400 208 448 208 0 1 0 0 100 default
o 3 64 2 4099 5 0.00009765625 0 1
o 4 64 2 4099 10 0.00009765625 1 1
o 11 64 2 4099 5 0.00009765625 2 1
o 15 64 2 4099 5 0.0125 3 1
