$ 1 0.000005 45.7144713268909 50 5 43 5e-11
t 208 144 256 144 0 1 0.31161938762117325 0.694686499328627 100 default
r 208 144 208 64 0 600
r 208 144 208 224 0 100
r 256 128 256 64 0 100
w 208 64 256 64 0
w 208 64 128 64 0
c 128 64 128 96 0 0.00001 5 0.001
g 128 96 128 112 0 0
c 176 144 112 144 0 0.000001 0.3125836328771681 0.001
c 256 128 336 128 0 0.00001 0.0010000000047082347 0.001
w 256 64 320 64 0
R 320 64 352 64 0 0 40 5 0 0 0.5
g 336 224 336 240 0 0
v 112 144 112 224 0 1 40 1 0 0 0.5
w 256 160 256 224 0
w 208 224 256 224 0
w 256 224 336 224 0
p 336 128 336 224 1 0 0
w 176 144 208 144 0
w 112 224 176 224 0
w 176 224 208 224 0
o 13 64 0 4099 2.5 0.05 0 1 Eingang
o 0 64 1 4099 5 0.0015625 0 1 I_b
o 14 64 0 4097 0.0000762939453125 0.1 0 2 14 3 I_C
o 0 64 6 4098 5 0.1 0 1 U_CE
o 17 64 0 4098 5 0.1 0 1 U_A
