$ 1 0.000005 10.634267539816555 50 2 50 5e-11
R 288 192 288 144 0 3 50 0.65 0.25 0 0.5
d 288 192 288 272 2 1N5711
g 288 272 288 304 0 0
g 192 272 192 304 0 0
d 192 192 192 272 2 default
R 192 192 192 144 0 3 50 1 0 0 0.5
g 384 272 384 304 0 0
d 384 192 384 272 2 1N34
R 384 192 384 144 0 3 50 1.5 0 0 0.5
x 70 234 160 237 4 24 silicium
x 239 351 340 354 4 24 schottky
x 412 245 550 248 4 24 germanium
o 1 64 0 4098 1.25 25.6 0 2 1 3
o 1 64 0 4097 0.625 0.1 0 2 1 3
o 4 64 0 4163 2.5 51.2 1 2 4 3
o 1 64 0 4163 1.25 0.1 1 2 1 3
o 7 64 0 4163 2.5 3.2 1 2 7 3
