$ 1 0.000005 10.20027730826997 53 5 50 5e-11
v 96 208 96 0 0 1 40 5 0 0 0.5
d 304 112 240 48 2 default
d 240 176 304 112 2 default
d 176 112 240 48 2 default
d 240 176 176 112 2 default
w 176 112 176 208 0
w 96 208 176 208 0
w 304 0 304 112 0
p 240 48 240 176 1 0 0
r 96 0 304 0 0 1000
r 96 240 304 240 0 1000
p 240 288 240 416 1 0 0
w 304 240 304 352 0
w 96 448 176 448 0
w 176 352 176 448 0
d 176 352 240 416 2 default
d 240 288 176 352 2 default
d 304 352 240 416 2 default
d 240 288 304 352 2 default
v 96 448 96 240 0 1 40 5 0 0 0.5
r 400 0 608 0 0 1000
p 544 48 544 176 1 0 0
w 608 0 608 112 0
w 400 208 480 208 0
w 480 112 480 208 0
d 480 112 544 176 2 default
d 480 112 544 48 2 default
d 608 112 544 176 2 default
d 544 48 608 112 2 default
v 400 208 400 0 0 1 40 5 0 0 0.5
r 400 240 608 240 0 1000
p 544 288 544 416 1 0 0
w 608 240 608 352 0
w 400 448 480 448 0
w 480 352 480 448 0
d 480 352 544 416 2 default
d 480 352 544 288 2 default
d 544 416 608 352 2 default
d 544 288 608 352 2 default
v 400 448 400 240 0 1 40 5 0 0 0.5
x -59 110 -43 113 4 24 A
x -69 350 -53 353 4 24 B
x 698 96 714 99 4 24 C
x 700 332 718 335 4 24 D
o 8 64 0 4098 5 0.1 0 1 A
o 11 64 0 4098 5 0.1 1 1 B
o 21 64 0 4098 2.5 0.1 2 1 C
o 31 64 0 4098 0.0000762939453125 0.1 3 1 D
