$ 1 0.000005 5.934295036739208 53 5 50 5e-11
v 48 176 48 48 0 1 40 325 0 0 0.5
d 240 48 304 112 2 default
d 240 176 304 112 2 default
d 176 112 240 48 2 default
d 176 112 240 176 2 default
T 48 48 240 176 0 4 0.125 0.18160587638471956 5.80868286803593e-9 0.999
w 304 112 352 112 0
w 176 112 176 224 0
w 176 224 352 224 0
c 352 112 352 224 0 0.00001 36.82967600535725 0.001
l 352 112 512 112 0 0.001 0.018925006803296698 0
c 512 112 512 224 0 0.00001 36.84878159444727 0.001
w 352 224 512 224 0
w 512 112 576 112 0
w 512 224 576 224 0
r 576 224 576 112 0 1000
o 11 64 0 4098 80 0.1 0 2 11 3
