$ 1 0.000005 10.20027730826997 50 5 50 5e-11
v -16 -16 -16 -80 0 1 50 325 0 0 0.5
d 96 -80 144 -80 2 default
169 -16 -80 96 -80 0 4 1 33.81481223027279 -33.64064467067742 -33.64064467067742 0.99
d 144 -16 96 -16 2 default
w 144 -16 144 -80 0
w 96 -48 192 -48 0
w 144 -80 192 -80 0
p 192 -80 192 -48 1 0 0
p 192 32 192 64 1 0 0
w 144 32 192 32 0
w 96 64 192 64 0
w 144 96 144 32 0
d 96 96 144 96 2 default
169 -16 32 96 32 0 4 1 0.5105741760333898 -1.7143502899089405e-7 -1.7143502899479718e-7 0.99
d 96 32 144 32 2 default
v -16 96 -16 32 0 1 50 325 0 0 0.5
p 192 144 192 176 1 0 0
w 144 144 192 144 0
w 96 176 192 176 0
w 144 208 144 144 0
d 144 208 96 208 2 default
169 -16 144 96 144 0 4 1 0.5105741760333575 -1.714350289917614e-7 -1.7143502899306245e-7 0.99
d 144 144 96 144 2 default
v -16 208 -16 144 0 1 50 325 0 0 0.5
p 192 288 192 256 1 0 0
w 144 256 192 256 0
w 96 288 192 288 0
w 144 320 144 256 0
d 96 320 144 320 2 default
169 -16 256 96 256 0 4 1 0.5105741760375382 -1.7143775302326525e-7 -1.7143775302326525e-7 0.99
d 144 256 96 256 2 default
v -16 320 -16 256 0 1 50 325 0 0 0.5
x -158 -43 -142 -40 4 24 A
x -159 71 -143 74 4 24 B
x -160 181 -144 184 4 24 C
x -158 296 -140 299 4 24 D
o 7 64 0 4098 0.0000762939453125 0.1 0 1 A
o 8 64 0 4098 320 0.1 1 1 B
o 16 64 0 4098 320 0.1 2 1 C
o 24 64 0 4098 0.0000762939453125 0.1 3 1 D
