$ 1 0.000005 10.20027730826997 50 5 43 5e-11
t 208 176 240 176 0 1 -10.785640800860127 -0.7856408029486889 100 default
v 96 256 96 176 0 1 40 0.8 0 0 0.5
w 160 256 208 256 0
g 240 256 240 288 0 0
w 240 256 304 256 0
R 336 80 400 80 0 0 40 10 0 0 0.5
r 160 176 160 256 0 1000
w 208 256 240 256 0
r 240 160 240 80 0 100
w 240 80 336 80 0
w 240 80 192 80 0
c 192 80 192 112 0 0.00001 10 0.001
g 192 112 192 128 0 0
w 304 256 336 256 0
w 304 160 336 160 0
p 336 160 336 256 1 0 0
w 240 192 240 256 0
w 240 160 304 160 0
r 160 176 208 176 0 90
w 96 176 160 176 0
w 96 256 160 256 0
o 1 64 0 4098 2.5 0.025 0 2 1 3
o 15 64 0 4098 10 0.1 0 1
