$ 1 0.000005 10.20027730826997 50 5 50 5e-11
v 64 96 64 32 0 0 40 18 0 0 0.5
v 128 96 128 32 0 0 40 13.9 0 0 0.5
v 208 160 208 96 0 0 40 13.5 0 0 0.5
w 64 160 128 160 0
w 128 160 208 160 0
w 208 160 304 160 0
d 64 32 128 32 2 default
d 128 32 208 32 2 default
d 208 96 208 32 2 default
w 208 32 304 32 0
r 304 160 304 32 0 1000
r 128 96 128 160 0 1000
w 64 96 64 160 0
o 0 64 0 4099 40 0.025 0 2 0 3
o 1 64 0 4099 80 0.00625 1 2 1 3
o 2 64 0 4099 80 0.00009765625 2 2 2 3
38 0 0 12 24 U1
38 1 0 12 24 U2
38 2 0 12 24 U3
